11626	1532829648	targets10.atlas.peering.usc.edu	29107,56433,6762,174,174,174,174,174,174,174,x,x,x,47065	29107,56433,6762,174,x,47065
12392	1532829651	targets10.atlas.peering.usc.edu	rv,x,21502,21502,174,174,174,174,174,174,rv,rv,x,47065	21502,174,x,47065
29430	1532829652	targets10.atlas.peering.usc.edu	rv,5416,rv,rv,8966,8966,8966,1200,21320,x,x,x,20965,21320,x,2914,2914,3130,x,47065	5416,x,8966,21320,x,20965,21320,x,2914,3130,x,47065
30413	1532829653	targets10.atlas.peering.usc.edu	200781,174,174,174,174,174,174,rv,rv,x,47065	200781,174,x,47065
31427	1532829644	targets10.atlas.peering.usc.edu	41368,rv,174,174,174,174,174,174,174,174,rv,rv,x,47065	41368,x,174,x,47065
32804	1532829653	targets10.atlas.peering.usc.edu	x,rv,rv,9304,9304,9304,9304,nm,nm,1916,1916,1916,x,47065	9304,x,1916,x,47065
32855	1532829653	targets10.atlas.peering.usc.edu	34393,34393,50607,174,174,174,174,174,174,174,174,rv,rv,x,47065	34393,50607,174,x,47065
33163	1532829648	targets10.atlas.peering.usc.edu	rv,27754,10834,12956,12956,12956,12956,12956,174,174,174,174,174,174,174,174,x,x,x,47065	27754,10834,12956,174,x,47065
3638	1532829652	targets10.atlas.peering.usc.edu	rv,59472,12741,12741,12741,12741,12741,nm,21320,x,x,x,20965,21320,x,47065	59472,12741,x,21320,x,20965,21320,x,47065
3702	1532829644	targets10.atlas.peering.usc.edu	8469,8469,8469,8422,8422,8422,8422,1200,21320,x,x,x,20965,21320,x,47065	8469,8422,21320,x,20965,21320,x,47065
2732	1532829687	targets10.atlas.peering.usc.edu	21928,5404,5404,1764,nm,nm,174,174,174,174,174,174,174,174,174,x,x,x,47065	21928,5404,1764,x,174,x,47065
28423	1532829660	targets10.atlas.peering.usc.edu	rv,48803,48803,8473,8473,8473,8473,1835,2603,21320,21320,x,x,x,20965,21320,x,47065	48803,8473,1835,2603,21320,x,20965,21320,x,47065
29473	1532829691	targets10.atlas.peering.usc.edu	199480,199480,47605,47605,47605,9002,9002,1200,x,x,x,20965,21320,x,47065	199480,47605,9002,x,20965,21320,x,47065
29741	1532829690	targets10.atlas.peering.usc.edu	rv,8351,8351,3209,3209,3209,3209,3209,1200,x,x,x,20965,21320,x,47065	8351,3209,x,20965,21320,x,47065
30097	1532829666	targets10.atlas.peering.usc.edu	rv,201588,31500,31500,nm,2603,21320,21320,x,x,x,20965,21320,x,47065	201588,31500,x,2603,21320,x,20965,21320,x,47065
30208	1532829670	targets10.atlas.peering.usc.edu	x,29555,50482,9198,9198,9198,20485,174,174,174,174,174,174,174,174,174,x,x,x,47065	29555,50482,9198,20485,174,x,47065
30478	1532829694	targets10.atlas.peering.usc.edu	17747,9498,9498,nm,x,47065	17747,9498,x,47065
3053	1532829691	targets10.atlas.peering.usc.edu	24823,20485,174,174,174,174,174,174,174,174,174,x,x,x,47065	24823,20485,174,x,47065
31088	1532829686	targets10.atlas.peering.usc.edu	24951,24951,24951,174,174,174,174,174,174,174,174,174,rv,rv,x,47065	24951,174,x,47065
31103	1532829688	targets10.atlas.peering.usc.edu	15474,2603,2603,2603,2603,2603,11537,11537,11537,11537,11537,11537,11537,11537,101,101,x,47065	15474,2603,11537,101,156,47065
31469	1532829670	targets10.atlas.peering.usc.edu	rv,47683,rv,rv,x,x,x,1200,21320,x,x,x,20965,21320,x,47065	47683,x,21320,x,20965,21320,x,47065
31639	1532829694	targets10.atlas.peering.usc.edu	rv,56403,rv,8218,8218,8218,nm,x,20965,21320,5408,x,47065	56403,x,8218,x,20965,21320,5408,x,47065
32259	1532829694	targets10.atlas.peering.usc.edu	33182,33182,nm,nm,1916,1916,1916,x,47065	33182,1916,47065
32284	1532829665	targets10.atlas.peering.usc.edu	rv,rv,61215,61215,61215,61215,61215,2497,2497,2497,2497,2497,x,47065	61215,2497,x,47065
32944	1532829683	targets10.atlas.peering.usc.edu	x,44914,174,174,174,174,174,174,174,174,rv,rv,x,x,x,x,x,x	44914,174,x
32959	1532829694	targets10.atlas.peering.usc.edu	rv,48252,48252,33576,6461,6461,174,174,174,174,174,174,174,174,rv,rv,x,47065	48252,33576,6461,174,x,47065
32988	1532829693	targets10.atlas.peering.usc.edu	45005,rv,45005,31133,nm,nm,x,x,x,x,20965,21320,x,47065	45005,31133,x,20965,21320,x,47065
3337	1532829669	targets10.atlas.peering.usc.edu	25384,1299,1299,1299,1299,1299,1299,20965,21320,5408,x,47065	25384,1299,20965,21320,5408,x,47065
33920	1532829668	targets10.atlas.peering.usc.edu	rv,8991,rv,5408,rv,47065	8991,x,5408,x,47065
3768	1532829662	targets10.atlas.peering.usc.edu	rv,x,rv,15582,15582,8732,8732,nm,2603,2603,21320,21320,x,x,x,20965,21320,x,47065	15582,8732,x,2603,21320,x,20965,21320,x,47065
378	1532829669	targets10.atlas.peering.usc.edu	51815,51815,12552,nm,2603,2603,21320,21320,x,x,x,20965,21320,x,47065	51815,12552,x,2603,21320,x,20965,21320,x,47065
3988	1532829668	targets10.atlas.peering.usc.edu	198847,198847,3257,3257,x,2914,2914,2914,x,2914,2914,2914,x,47065	198847,3257,x,2914,x,47065
4238	1532829695	targets10.atlas.peering.usc.edu	rv,24776,24776,174,174,174,174,174,174,174,174,x,x,x,47065	24776,174,x,47065
430	1532829666	targets10.atlas.peering.usc.edu	rv,rv,16353,16353,nm,21320,21320,x,x,x,20965,21320,x,47065	16353,x,21320,x,20965,21320,x,47065
4333	1532829670	targets10.atlas.peering.usc.edu	25220,25220,nm,2603,21320,21320,x,x,x,20965,21320,x,47065	25220,x,2603,21320,x,20965,21320,x,47065
4611	1532829686	targets10.atlas.peering.usc.edu	9036,9036,9036,1200,x,47065	9036,x,47065
4613	1532829690	targets10.atlas.peering.usc.edu	rv,56837,56837,286,286,286,286,286,286,x,47065	56837,286,x,47065
4659	1532829683	targets10.atlas.peering.usc.edu	rv,51191,201011,201011,201011,286,286,286,x,47065	51191,201011,286,x,47065
4777	1532829682	targets10.atlas.peering.usc.edu	35574,6939,6939,6939,6939,6939,6939,6939,6939,6939,6939,6939,x,47065	35574,6939,x,47065
4828	1532829686	targets10.atlas.peering.usc.edu	39069,3352,3352,x,3352,12956,12956,174,174,174,174,174,174,rv,rv,x,47065	39069,3352,12956,174,x,47065
4931	1532829700	targets10.atlas.peering.usc.edu	13287,rv,174,174,174,174,174,174,174,x,x,x,47065	13287,x,174,x,47065
10967	1532829743	targets10.atlas.peering.usc.edu	rv,37680,37680,37680,37680,37680,6939,6939,6939,6939,6939,6939,6939,6939,x,47065	37680,6939,x,47065
10988	1532829768	targets10.atlas.peering.usc.edu	rv,28685,28685,28685,28685,1200,x,47065	28685,x,47065
2718	1532829761	targets10.atlas.peering.usc.edu	44549,12778,12778,174,174,174,174,174,174,174,174,174,174,rv,rv,x,47065	44549,12778,174,x,47065
27925	1532829772	targets10.atlas.peering.usc.edu	rv,33819,33819,33819,3216,nm,nm,x,x,20965,21320,x,47065	33819,3216,x,20965,21320,x,47065
28227	1532829775	targets10.atlas.peering.usc.edu	rv,33924,x,x,x,x,x,47065	33924,x,47065
28384	1532829738	targets10.atlas.peering.usc.edu	rv,812,x,11814,174,174,174,174,174,rv,rv,x,47065	812,x,11814,174,x,47065
28509	1532829732	targets10.atlas.peering.usc.edu	rv,50083,50083,50083,50083,1200,x,47065	50083,x,47065
28782	1532829776	targets10.atlas.peering.usc.edu	rv,rv,rv,50783,42525,42525,42525,42525,2914,2914,2914,2914,2914,2914,2914,x,47065	50783,42525,2914,x,47065
28788	1532829777	targets10.atlas.peering.usc.edu	rv,x,12605,12605,1200,x,47065	12605,x,47065
